1 87
2 7
3 34
4 26
5 10
6 84
7 15
8 55
9 25
10 22
11 66
12 53
13 40
14 38
15 17
16 48
17 66
18 47
19 5
20 56
21 2
22 46
23 40
24 7
25 30
26 16
27 59
28 82
29 17
30 5
31 12
32 83
33 79
34 57
35 84
36 80
37 47
38 20
39 40
40 23
41 82
42 57
43 47
44 10
45 40
46 18
47 40
48 77
49 29
50 24
51 56
52 44
53 7
54 46
55 40
56 15
57 2
58 74
59 42
60 24
61 57
62 15
63 49
64 2
65 38
66 5
67 62
68 82
69 40
70 5
71 44
72 84
73 48
74 2
75 29
76 38
77 63
78 47
79 82
80 74
81 67
82 7
83 57
84 57
85 66
86 66
87 16
88 25
89 54
90 57
91 12
92 16
93 40
94 17
95 17
96 76
97 17
98 28
99 12
100 82
101 5
102 53
103 39
104 15
105 4
106 42
107 84
108 84
109 84
110 12
111 38
112 57
113 82
114 9
115 18
116 76
117 8
118 17
119 66
120 12
121 57
122 47
123 5
124 44
125 55
126 15
127 25
128 30
129 82
130 58
131 51
132 56
133 25
134 84
135 67
136 57
137 65
138 23
139 40
140 46
141 24
142 63
143 82
144 40
145 69
146 39
147 15
148 47
149 71
150 29
151 58
152 23
153 25
154 23
155 17
156 40
157 25
158 40
159 25
160 78
161 30
162 5
163 67
164 22
165 83
166 16
167 65
168 40
169 40
170 57
171 44
172 17
173 57
174 57
175 9
176 15
177 15
178 17
179 34
180 15
181 23
182 64
183 5
184 39
185 38
186 46
187 38
188 15
189 66
190 56
191 40
192 40
193 84
194 9
195 28
196 15
197 29
198 10
199 22
200 53
201 65
202 66
203 67
204 30
205 23
206 15
207 56
208 47
209 66
210 15
211 38
212 17
213 84
214 84
215 5
216 40
217 32
218 16
219 57
220 83
221 63
222 30
223 76
224 12
225 25
226 15
227 57
228 25
229 84
230 28
231 7
232 84
233 57
234 87
235 5
236 66
237 9
238 82
239 84
240 57
241 84
242 15
243 76
244 12
245 5
246 82
247 84
248 82
249 28
250 12
251 57
252 84
253 59
254 5
255 40
256 2
257 40
258 38
259 57
260 66
261 14
262 5
263 2
264 84
265 85
266 47
267 13
268 44
269 9
270 28
271 84
272 38
273 18
274 66
275 15
276 59
277 84
278 39
279 17
280 5
281 5
282 15
283 57
284 28
285 82
286 66
287 2
288 5
289 57
290 40
291 32
292 38
293 74
294 16
295 40
296 65
297 23
298 25
299 5
300 67
301 84
302 11
303 57
304 11
305 49
306 25
307 82
308 53
309 40
310 38
311 32
312 84
313 23
314 15
315 23
316 16
317 17
318 66
319 23
320 84
321 17
322 16
323 4
324 29
325 16
326 15
327 84
328 57
329 40
330 17
331 47
332 25
333 16
334 39
335 46
336 38
337 38
338 57
339 53
340 84
341 47
342 64
343 84
344 44
345 2
346 24
347 57
348 12
349 28
350 39
351 40
352 40
353 65
354 38
355 57
356 17
357 40
358 45
359 6
360 16
361 84
362 74
363 14
364 25
365 15
366 9
367 40
368 28
369 84
370 38
371 57
372 30
373 57
374 44
375 10
376 11
377 16
378 81
379 82
380 76
381 28
382 84
383 23
384 15
385 58
386 76
387 65
388 57
389 15
390 9
391 15
392 79
393 6
394 5
395 84
396 28
397 86
398 68
399 29
400 42
401 47
402 38
403 46
404 57
405 5
406 25
407 29
408 5
409 66
410 83
411 2
412 5
413 67
414 6
415 40
416 40
417 6
418 22
419 15
420 2
421 12
422 84
423 46
424 23
425 40
426 84
427 4
428 2
429 46
430 58
431 28
432 64
433 40
434 83
435 6
436 80
437 84
438 5
439 2
440 28
441 25
442 40
443 44
444 29
445 63
446 2
447 5
448 52
449 9
450 87
451 84
452 23
453 40
454 40
455 28
456 84
457 23
458 66
459 7
460 17
461 56
462 82
463 47
464 28
465 40
466 20
467 40
468 9
469 57
470 15
471 74
472 2
473 66
474 84
475 7
476 5
477 32
478 84
479 5
480 17
481 57
482 23
483 38
484 80
485 17
486 16
487 28
488 29
489 63
490 12
491 40
492 84
493 23
494 66
495 17
496 38
497 23
498 65
499 28
500 47
501 11
502 12
503 67
504 22
505 45
506 5
507 84
508 17
509 65
510 13
511 38
512 17
513 57
514 38
515 13
516 44
517 40
518 15
519 40
520 59
521 66
522 65
523 7
524 67
525 38
526 17
527 29
528 39
529 67
530 76
531 40
532 65
533 66
534 38
535 15
536 27
537 16
538 47
539 55
540 76
541 16
542 65
543 15
544 5
545 82
546 82
547 57
548 6
549 38
550 40
551 38
552 66
553 83
554 47
555 40
556 57
557 9
558 39
559 65
560 40
561 17
562 57
563 12
564 67
565 82
566 13
567 66
568 47
569 40
570 28
571 2
572 25
573 38
574 40
575 58
576 17
577 44
578 75
579 66
580 80
581 28
582 38
583 5
584 15
585 17
586 15
587 47
588 84
589 62
590 22
591 7
592 22
593 29
594 44
595 69
596 82
597 86
598 44
599 7
600 28
601 78
602 79
603 25
604 9
605 82
606 46
607 61
608 54
609 15
610 28
611 38
612 25
613 38
614 32
615 23
616 7
617 84
618 40
619 5
620 84
621 5
622 83
623 38
624 66
625 5
626 23
627 38
628 25
629 5
630 68
631 75
632 21
633 53
634 12
635 82
636 65
637 25
638 16
639 25
640 25
641 6
642 5
643 39
644 53
645 15
646 25
647 40
648 53
649 84
650 25
651 57
652 30
653 74
654 53
655 66
656 12
657 2
658 38
659 6
660 25
661 56
662 22
663 5
664 84
665 48
666 84
667 84
668 59
669 12
670 21
671 82
672 57
673 5
674 84
675 66
676 45
677 2
678 46
679 17
680 47
681 84
682 67
683 29
684 82
685 9
686 16
687 82
688 46
689 39
690 12
691 84
692 47
693 56
694 42
695 2
696 65
697 56
698 84
699 47
700 17
701 14
702 40
703 83
704 15
705 5
706 57
707 25
708 79
709 78
710 84
711 74
712 40
713 66
714 2
715 5
716 16
717 40
718 82
719 28
720 25
721 66
722 78
723 30
724 82
725 16
726 76
727 69
728 53
729 40
730 80
731 47
732 39
733 9
734 69
735 82
736 38
737 77
738 82
739 66
740 53
741 29
742 2
743 38
744 40
745 57
746 40
747 67
748 23
749 47
750 57
751 30
752 47
753 7
754 2
755 64
756 57
757 13
758 57
759 57
760 12
761 82
762 65
763 13
764 16
765 25
766 38
767 25
768 76
769 17
770 5
771 32
772 82
773 28
774 18
775 57
776 29
777 57
778 67
779 21
780 25
781 82
782 58
783 87
784 5
785 5
786 15
787 6
788 22
789 28
790 57
791 4
792 79
793 40
794 5
795 57
796 39
797 17
798 84
799 17
800 59
801 55
802 57
803 40
804 84
805 23
806 5
807 28
808 5
809 40
810 53
811 5
812 84
813 25
814 47
815 6
816 64
817 30
818 66
819 17
820 15
821 65
822 66
823 46
824 25
825 32
826 12
827 82
828 5
829 18
830 47
831 17
832 66
833 82
834 6
835 66
836 53
837 81
838 28
839 12
840 30
841 13
842 65
843 40
844 38
845 25
846 57
847 53
848 10
849 23
850 9
851 40
852 71
853 17
854 82
855 17
856 12
857 23
858 40
859 64
860 16
861 17
862 17
863 17
864 82
865 15
866 38
867 39
868 2
869 32
870 15
871 47
872 40
873 9
874 57
875 21
876 57
877 5
878 9
879 22
880 5
881 84
882 66
883 25
884 2
885 15
886 17
887 23
888 16
889 8
890 52
891 84
892 63
893 62
894 9
895 6
896 40
897 83
898 47
899 47
900 23
901 79
902 84
903 28
904 45
905 59
906 82
907 17
908 38
909 46
910 2
911 29
912 57
913 45
914 82
915 17
916 84
917 5
918 57
919 9
920 6
921 45
922 83
923 65
924 76
925 57
926 57
927 40
928 53
929 17
930 58
931 56
932 82
933 23
934 16
935 57
936 66
937 74
938 20
939 67
940 16
941 66
942 17
943 48
944 5
945 66
946 28
947 15
948 62
949 57
950 16
951 58
952 82
953 66
954 20
955 17
956 21
957 28
958 11
959 53
960 74
961 66
962 57
963 27
964 82
965 46
966 81
967 4
968 23
969 17
970 12
971 16
972 57
973 46
974 25
975 80
976 12
977 74
978 82
979 15
980 53
981 25
982 9
983 84
984 63
985 23
986 40
987 63
988 38
989 40
990 81
991 2
992 25
993 64
994 84
995 9
996 25
997 16
998 6
999 56
1000 66
1001 47
1002 39
1003 38
1004 57
1005 57
1006 82
1007 46
1008 17
1009 57
1010 66
1011 57
1012 66
1013 82
1014 82
1015 25
1016 67
1017 84
1018 5
1019 77
1020 62
1021 82
1022 16
1023 10
1024 84
1025 47
1026 25
1027 5
1028 21
1029 32
1030 12
1031 17
1032 39
1033 15
1034 17
1035 39
1036 57
1037 28
1038 2
1039 82
1040 12
1041 2
1042 28
1043 5
1044 84
1045 12
1046 6
1047 23
1048 40
1049 62
1050 47
1051 66
1052 57
1053 66
1054 2
1055 9
1056 66
1057 25
1058 25
1059 15
1060 9
1061 45
1062 76
1063 38
1064 28
1065 2
1066 84
1067 77
1068 9
1069 30
1070 66
1071 65
1072 78
1073 20
1074 15
1075 61
1076 66
1077 25
1078 49
1079 23
1080 24
1081 2
1082 28
1083 4
1084 57
1085 12
1086 67
1087 86
1088 40
1089 40
1090 39
1091 4
1092 28
1093 82
1094 12
1095 6
1096 9
1097 6
1098 7
1099 12
1100 80
1101 84
1102 59
1103 22
1104 5
1105 66
1106 24
1107 82
1108 66
1109 80
1110 38
1111 17
1112 84
1113 66
1114 25
1115 57
1116 53
1117 44
1118 84
1119 57
1120 76
1121 28
1122 76
1123 67
1124 22
1125 17
1126 25
1127 44
1128 40
1129 2
1130 22
1131 17
1132 38
1133 76
1134 29
1135 84
1136 66
1137 2
1138 2
1139 87
1140 25
1141 40
1142 4
1143 11
1144 25
1145 28
1146 65
1147 15
1148 51
1149 57
1150 84
1151 69
1152 84
1153 6
1154 59
1155 47
1156 15
1157 13
1158 82
1159 63
1160 21
1161 5
1162 21
1163 18
1164 24
1165 5
1166 40
1167 57
1168 25
1169 17
1170 28
1171 16
1172 2
1173 57
1174 2
1175 57
1176 76
1177 24
1178 38
1179 15
1180 5
1181 17
1182 10
1183 47
1184 57
1185 65
1186 48
1187 25
1188 53
1189 66
1190 82
1191 63
1192 17
1193 11
1194 57
1195 81
1196 25
1197 84
1198 59
1199 82
1200 7
1201 84
1202 5
1203 57
1204 5
1205 67
1206 29
1207 28
1208 17
1209 76
1210 30
1211 21
1212 38
1213 10
1214 9
1215 16
1216 57
1217 66
1218 66
1219 82
1220 76
1221 76
1222 84
1223 57
1224 38
1225 40
1226 57
1227 20
1228 39
1229 82
1230 12
1231 38
1232 66
1233 78
1234 84
1235 66
1236 9
1237 53
1238 59
1239 47
1240 40
1241 62
1242 67
1243 63
1244 21
1245 79
1246 5
1247 15
1248 25
1249 59
1250 24
1251 25
1252 54
1253 29
1254 16
1255 68
1256 49
1257 25
1258 40
1259 65
1260 53
1261 84
1262 47
1263 46
1264 5
1265 12
1266 15
1267 15
1268 40
1269 57
1270 57
1271 17
1272 5
1273 5
1274 17
1275 6
1276 39
1277 16
1278 9
1279 45
1280 84
1281 57
1282 66
1283 28
1284 66
1285 84
1286 9
1287 44
1288 28
1289 28
1290 66
1291 40
1292 47
1293 53
1294 15
1295 46
1296 44
1297 66
1298 57
1299 40
1300 84
1301 25
1302 82
1303 65
1304 58
1305 23
1306 57
1307 7
1308 21
1309 40
1310 24
1311 66
1312 25
1313 38
1314 21
1315 15
1316 77
1317 57
1318 5
1319 64
1320 47
1321 82
1322 66
1323 58
1324 82
1325 38
1326 38
1327 76
1328 44
1329 58
1330 57
1331 63
1332 39
1333 9
1334 47
1335 29
1336 5
1337 12
1338 23
1339 47
1340 14
1341 57
1342 56
1343 2
1344 82
1345 57
1346 76
1347 17
1348 83
1349 38
1350 58
1351 58
1352 46
1353 20
1354 4
1355 30
1356 28
1357 83
1358 29
1359 15
1360 2
1361 7
1362 86
1363 29
1364 53
1365 58
1366 58
1367 2
1368 45
1369 7
1370 12
1371 77
1372 51
1373 57
1374 38
1375 74
1376 67
1377 47
1378 82
1379 40
1380 84
1381 59
1382 58
1383 40
1384 2
1385 28
1386 21
1387 39
1388 58
1389 65
1390 5
1391 29
1392 82
1393 12
1394 55
1395 57
1396 24
1397 25
1398 23
1399 87
1400 2
1401 2
1402 39
1403 62
1404 47
1405 67
1406 64
1407 80
1408 84
1409 57
1410 87
1411 47
1412 18
1413 66
1414 28
1415 59
1416 40
1417 66
1418 17
1419 40
1420 53
1421 74
1422 29
1423 84
1424 16
1425 5
1426 13
1427 12
1428 40
1429 32
1430 56
1431 57
1432 12
1433 28
1434 12
1435 57
1436 40
1437 57
1438 40
1439 84
1440 57
1441 66
1442 32
1443 42
1444 38
1445 2
1446 28
1447 15
1448 25
1449 2
1450 84
1451 56
1452 46
1453 84
1454 58
1455 56
1456 17
1457 2
1458 51
1459 30
1460 2
1461 62
1462 34
1463 40
1464 29
1465 48
1466 84
1467 21
1468 9
1469 53
1470 47
1471 6
1472 5
1473 84
1474 2
1475 57
1476 4
1477 40
1478 66
1479 24
1480 66
1481 12
1482 84
1483 30
1484 74
1485 7
1486 58
1487 28
1488 25
1489 82
1490 18
1491 40
1492 9
1493 5
1494 25
1495 84
1496 67
1497 17
1498 6
1499 10
1500 25
1501 47
1502 47
1503 40
1504 45
1505 84
1506 84
1507 84
1508 15
1509 58
1510 68
1511 32
1512 53
1513 39
1514 47
1515 38
1516 62
1517 84
1518 4
1519 16
1520 25
1521 12
1522 66
1523 47
1524 57
1525 57
1526 84
1527 17
1528 5
1529 15
1530 5
1531 38
1532 40
1533 5
1534 77
1535 77
1536 82
1537 28
1538 30
1539 25
1540 65
1541 57
1542 29
1543 7
1544 25
1545 38
1546 82
1547 25
1548 32
1549 84
1550 57
1551 66
1552 58
1553 9
1554 82
1555 51
1556 44
1557 40
1558 40
1559 40
1560 38
1561 15
1562 17
1563 23
1564 57
1565 51
1566 12
1567 40
1568 12
1569 57
1570 53
1571 30
1572 40
1573 80
1574 76
1575 12
1576 65
1577 40
1578 29
1579 84
1580 47
1581 7
1582 39
1583 78
1584 29
1585 74
1586 46
1587 66
1588 25
1589 53
1590 32
1591 83
1592 82
1593 84
1594 10
1595 28
1596 66
1597 39
1598 16
1599 51
1600 17
1601 58
1602 25
1603 47
1604 29
1605 62
1606 66
1607 11
1608 28
1609 53
1610 82
1611 12
1612 62
1613 38
1614 58
1615 23
1616 40
1617 13
1618 58
1619 40
1620 80
1621 2
1622 12
1623 66
1624 53
1625 12
1626 22
1627 4
1628 57
1629 84
1630 57
1631 5
1632 12
1633 84
1634 16
1635 85
1636 57
1637 68
1638 84
1639 32
1640 25
1641 25
1642 40
1643 44
1644 84
1645 12
1646 5
1647 66
1648 65
1649 25
1650 29
1651 2
1652 66
1653 47
1654 82
1655 32
1656 74
1657 40
1658 56
1659 16
1660 17
1661 63
1662 28
1663 54
1664 2
1665 66
1666 48
1667 7
1668 32
1669 7
1670 30
1671 84
1672 12
1673 16
1674 5
1675 10
1676 15
1677 57
1678 2
1679 57
1680 65
1681 28
1682 84
1683 56
1684 25
1685 82
1686 82
1687 7
1688 67
1689 47
1690 2
1691 29
1692 59
1693 5
1694 82
1695 11
1696 2
1697 57
1698 63
1699 84
1700 49
1701 40
1702 82
1703 12
1704 23
1705 47
1706 12
1707 5
1708 39
1709 6
1710 51
1711 15
1712 57
1713 79
1714 22
1715 80
1716 9
1717 38
1718 66
1719 66
1720 80
1721 67
1722 17
1723 6
1724 57
1725 66
1726 67
1727 12
1728 16
1729 84
1730 17
1731 13
1732 84
1733 46
1734 40
1735 5
1736 17
1737 10
1738 25
1739 82
1740 57
1741 29
1742 79
1743 40
1744 52
1745 5
1746 25
1747 47
1748 28
1749 57
1750 38
1751 76
1752 64
1753 48
1754 75
1755 53
1756 40
1757 17
1758 57
1759 40
1760 6
1761 21
1762 84
1763 5
1764 66
1765 28
1766 7
1767 12
1768 84
1769 15
1770 54
1771 5
1772 66
1773 9
1774 6
1775 5
1776 67
1777 40
1778 47
1779 66
1780 16
1781 21
1782 66
1783 2
1784 84
1785 28
1786 84
1787 39
1788 39
1789 39
1790 65
1791 84
1792 40
1793 4
1794 38
1795 16
1796 47
1797 13
1798 30
1799 53
1800 84
1801 82
1802 7
1803 57
1804 12
1805 84
1806 74
1807 9
1808 53
1809 80
1810 57
1811 47
1812 12
1813 62
1814 40
1815 84
1816 84
1817 30
1818 38
1819 40
1820 38
1821 24
1822 39
1823 39
1824 25
1825 74
1826 76
1827 38
1828 58
1829 44
1830 13
1831 84
1832 29
1833 23
1834 40
1835 84
1836 11
1837 13
1838 44
1839 12
1840 23
1841 40
1842 23
1843 6
1844 10
1845 20
1846 57
1847 10
1848 17
1849 2
1850 84
1851 84
1852 59
1853 9
1854 6
1855 84
1856 6
1857 82
1858 82
1859 51
1860 53
1861 2
1862 59
1863 46
1864 66
1865 17
1866 32
1867 39
1868 53
1869 64
1870 15
1871 40
1872 29
1873 47
1874 20
1875 82
1876 47
1877 16
1878 29
1879 2
1880 12
1881 39
1882 16
1883 12
1884 77
1885 57
1886 67
1887 14
1888 71
1889 16
1890 47
1891 5
1892 40
1893 40
1894 17
1895 82
1896 25
1897 40
1898 28
1899 66
1900 67
1901 51
1902 32
1903 2
1904 82
1905 2
1906 47
1907 9
1908 56
1909 56
1910 84
1911 67
1912 84
1913 12
1914 40
1915 54
1916 47
1917 10
1918 12
1919 46
1920 66
1921 74
1922 28
1923 53
1924 20
1925 38
1926 57
1927 66
1928 30
1929 82
1930 12
1931 47
1932 66
1933 40
1934 65
1935 82
1936 13
1937 65
1938 34
1939 25
1940 6
1941 4
1942 40
1943 5
1944 4
1945 47
1946 82
1947 57
1948 82
1949 53
1950 39
1951 80
1952 13
1953 2
1954 57
1955 5
1956 84
1957 57
1958 67
1959 47
1960 23
1961 69
1962 5
1963 12
1964 13
1965 47
1966 84
1967 28
1968 67
1969 16
1970 80
1971 5
1972 58
1973 25
1974 11
1975 40
1976 65
1977 53
1978 9
1979 66
1980 58
1981 30
1982 66
1983 30
1984 66
1985 57
1986 47
1987 46
1988 15
1989 84
1990 40
1991 82
1992 68
1993 12
1994 15
1995 84
1996 66
1997 47
1998 84
1999 16
2000 7
2001 11
2002 57
2003 47
2004 76
2005 47
2006 40
2007 53
2008 5
2009 40
2010 84
2011 22
2012 46
2013 28
2014 47
2015 4
2016 22
2017 46
2018 18
2019 47
2020 28
2021 84
2022 47
2023 82
2024 84
2025 57
2026 65
2027 57
2028 23
2029 57
2030 39
2031 16
2032 7
2033 57
2034 44
2035 12
2036 56
2037 66
2038 59
2039 40
2040 84
2041 4
2042 6
2043 16
2044 10
2045 7
2046 40
2047 9
2048 84
2049 82
2050 47
2051 57
2052 17
2053 4
2054 57
2055 84
2056 80
2057 67
2058 23
2059 47
2060 82
2061 12
2062 12
2063 6
2064 87
2065 7
2066 58
2067 64
2068 25
2069 84
2070 47
2071 12
2072 40
2073 16
2074 25
2075 83
2076 82
2077 66
2078 82
2079 65
2080 15
2081 84
2082 84
2083 59
2084 28
2085 17
2086 2
2087 84
2088 66
2089 84
2090 17
2091 16
2092 5
2093 78
2094 5
2095 16
2096 67
2097 84
2098 65
2099 84
2100 57
2101 76
2102 63
2103 47
2104 57
2105 57
2106 40
2107 40
2108 77
2109 20
2110 84
2111 74
2112 57
2113 47
2114 44
2115 82
2116 48
2117 66
2118 40
2119 53
2120 32
2121 21
2122 10
2123 59
2124 84
2125 84
2126 57
2127 13
2128 32
2129 82
2130 39
2131 56
2132 5
2133 57
2134 17
2135 38
2136 82
2137 74
2138 39
2139 44
2140 49
2141 53
2142 12
2143 4
2144 53
2145 2
2146 51
2147 56
2148 12
2149 29
2150 11
2151 62
2152 15
2153 6
2154 64
2155 84
2156 15
2157 65
2158 25
2159 17
2160 65
2161 25
2162 17
2163 47
2164 40
2165 58
2166 82
2167 40
2168 66
2169 56
2170 56
2171 9
2172 84
2173 6
2174 57
2175 26
2176 25
2177 5
2178 44
2179 10
2180 39
2181 9
2182 5
2183 78
2184 40
2185 5
2186 15
2187 84
2188 83
2189 13
2190 67
2191 21
2192 7
2193 5
2194 65
2195 67
2196 40
2197 84
2198 48
2199 13
2200 83
2201 58
2202 46
2203 47
2204 55
2205 9
2206 17
2207 57
2208 16
2209 64
2210 40
2211 12
2212 38
2213 49
2214 65
2215 28
2216 74
2217 49
2218 16
2219 84
2220 74
2221 76
2222 40
2223 84
2224 78
2225 57
2226 47
2227 67
2228 82
2229 16
2230 84
2231 44
2232 38
2233 5
2234 66
2235 66
2236 44
2237 57
2238 40
2239 24
2240 28
2241 8
2242 23
2243 42
2244 6
2245 12
2246 75
2247 66
2248 7
2249 57
2250 12
2251 57
2252 5
2253 25
2254 47
2255 28
2256 40
2257 5
2258 5
2259 15
2260 17
2261 2
2262 62
2263 57
2264 82
2265 46
2266 62
2267 49
2268 82
2269 57
2270 47
2271 53
2272 40
2273 40
2274 39
2275 57
2276 6
2277 84
2278 49
2279 53
2280 66
2281 86
2282 15
2283 74
2284 28
2285 57
2286 7
2287 11
2288 23
2289 28
2290 53
2291 57
2292 46
2293 78
2294 84
2295 5
2296 87
2297 56
2298 47
2299 12
2300 5
2301 40
2302 57
2303 30
2304 82
2305 84
2306 30
2307 12
2308 84
2309 17
2310 80
2311 4
2312 56
2313 12
2314 38
2315 47
2316 4
2317 44
2318 40
2319 84
2320 63
2321 74
2322 15
2323 66
2324 28
2325 30
2326 47
2327 17
2328 5
2329 23
2330 8
2331 68
2332 16
2333 67
2334 29
2335 79
2336 57
2337 57
2338 84
2339 14
2340 14
2341 39
2342 12
2343 67
2344 57
2345 69
2346 18
2347 21
2348 83
2349 2
2350 57
2351 84
2352 56
2353 45
2354 82
2355 84
2356 22
2357 83
2358 38
2359 9
2360 32
2361 40
2362 84
2363 2
2364 5
2365 23
2366 2
2367 15
2368 78
2369 40
2370 84
2371 82
2372 9
2373 5
2374 40
2375 47
2376 38
2377 5
2378 57
2379 15
2380 15
2381 67
2382 63
2383 74
2384 38
2385 25
2386 79
2387 40
2388 77
2389 24
2390 28
2391 66
2392 28
2393 15
2394 40
2395 38
2396 76
2397 23
2398 47
2399 11
2400 25
2401 29
2402 40
2403 63
2404 13
2405 67
2406 82
2407 17
2408 57
2409 17
2410 25
2411 6
2412 14
2413 84
2414 28
2415 79
2416 38
2417 24
2418 2
2419 40
2420 57
2421 64
2422 15
2423 12
2424 84
2425 40
2426 66
2427 15
2428 29
2429 84
2430 80
2431 82
2432 83
2433 28
2434 40
2435 57
2436 17
2437 84
2438 40
2439 22
2440 67
2441 46
2442 84
2443 47
2444 38
2445 84
2446 5
2447 55
2448 7
2449 15
2450 5
2451 25
2452 38
2453 9
2454 84
2455 64
2456 17
2457 66
2458 28
2459 9
2460 23
2461 16
2462 59
2463 66
2464 82
2465 40
2466 47
2467 74
2468 28
2469 2
2470 16
2471 27
2472 76
